ip_add: "192.168.4.1"
port: 5000
image_width: 324
image_height: 244
camera_name: cf1
camera_matrix:
  rows: 3
  cols: 3
  data: [180.936257, 0.000000, 168.458375, 0.000000, 181.186657, 160.830093, 0.000000, 0.000000, 1.000000]
distortion_model: plumb_bob
distortion_coefficients:
  rows: 1
  cols: 5
  data: [-0.080146, -0.001382, 0.002844, -0.000052, 0.000000]
rectification_matrix:
  rows: 3
  cols: 3
  data: [1.000000, 0.000000, 0.000000, 0.000000, 1.000000, 0.000000, 0.000000, 0.000000, 1.000000]
projection_matrix:
  rows: 3
  cols: 4
  data: [166.338684, 0.000000, 169.215572, 0.000000, 0.000000, 169.280212, 164.228731, 0.000000, 0.000000, 0.000000, 1.000000, 0.000000]