image_width: 324
image_height: 324
camera_name: cf1
camera_matrix:
  rows: 3
  cols: 3
  data: [181.939450, 0.000000, 167.772007, 0.000000, 181.862549, 161.037497, 0.000000, 0.000000, 1.000000]
distortion_model: plumb_bob
distortion_coefficients:
  rows: 1
  cols: 5
  data: [-0.084767, -0.000571, 0.002539, -0.000125, 0.000000]
rectification_matrix:
  rows: 3
  cols: 3
  data: [1.000000, 0.000000, 0.000000, 0.000000, 1.000000, 0.000000, 0.000000, 0.000000, 1.000000]
projection_matrix:
  rows: 3
  cols: 4
  data: [166.804276, 0.000000, 168.393852, 0.000000, 0.000000, 166.777237, 161.906215, 0.000000, 0.000000, 0.000000, 1.000000, 0.000000]