image_width: 324
image_height: 324
camera_name: cf20
camera_matrix:
  rows: 3
  cols: 3
  data: [180.176155, 0.000000, 164.535627, 0.000000, 180.482152, 162.545626, 0.000000, 0.000000, 1.000000]
distortion_model: plumb_bob
distortion_coefficients:
  rows: 1
  cols: 5
  data: [-0.082913, 0.000441, 0.001155, 0.002816, 0.000000]
rectification_matrix:
  rows: 3
  cols: 3
  data: [1.000000, 0.000000, 0.000000, 0.000000, 1.000000, 0.000000, 0.000000, 0.000000, 1.000000]
projection_matrix:
  rows: 3
  cols: 4
  data: [165.362091, 0.000000, 166.285789, 0.000000, 0.000000, 165.808548, 162.865719, 0.000000, 0.000000, 0.000000, 1.000000, 0.000000]
