image_width: 324
image_height: 324
camera_name: cf21
camera_matrix:
  rows: 3
  cols: 3
  data: [181.381609, 0.000000, 162.860379, 0.000000, 181.693142, 161.496725, 0.000000, 0.000000, 1.000000]
distortion_model: plumb_bob
distortion_coefficients:
  rows: 1
  cols: 5
  data: [-0.093180, 0.006788, -0.000688, 0.002293, 0.000000]
rectification_matrix:
  rows: 3
  cols: 3
  data: [1.000000, 0.000000, 0.000000, 0.000000, 1.000000, 0.000000, 0.000000, 0.000000, 1.000000]
projection_matrix:
  rows: 3
  cols: 4
  data: [165.915009, 0.000000, 163.939778, 0.000000, 0.000000, 166.295868, 160.476995, 0.000000, 0.000000, 0.000000, 1.000000, 0.000000]
