image_width: 324
image_height: 324
camera_name: cf22
camera_matrix:
  rows: 3
  cols: 3
  data: [183.759995, 0.000000, 166.574972, 0.000000, 183.984583, 154.070715, 0.000000, 0.000000, 1.000000]
distortion_model: plumb_bob
distortion_coefficients:
  rows: 1
  cols: 5
  data: [-0.087604, 0.003225, -0.000656, 0.001698, 0.000000]
rectification_matrix:
  rows: 3
  cols: 3
  data: [1.000000, 0.000000, 0.000000, 0.000000, 1.000000, 0.000000, 0.000000, 0.000000, 1.000000]
projection_matrix:
  rows: 3
  cols: 4
  data: [168.824051, 0.000000, 167.960199, 0.000000, 0.000000, 169.025864, 151.683955, 0.000000, 0.000000, 0.000000, 1.000000, 0.000000]
