image_width: 324
image_height: 324
camera_name: cf23
camera_matrix:
  rows: 3
  cols: 3
  data: [183.026873, 0.000000, 158.684883, 0.000000, 183.871952, 156.499325, 0.000000, 0.000000, 1.000000]
distortion_model: plumb_bob
distortion_coefficients:
  rows: 1
  cols: 5
  data: [-0.087447, 0.005713, 0.000675, 0.001902, 0.000000]
rectification_matrix:
  rows: 3
  cols: 3
  data: [1.000000, 0.000000, 0.000000, 0.000000, 1.000000, 0.000000, 0.000000, 0.000000, 1.000000]
projection_matrix:
  rows: 3
  cols: 4
  data: [168.739059, 0.000000, 158.725963, 0.000000, 0.000000, 169.619568, 155.438414, 0.000000, 0.000000, 0.000000, 1.000000, 0.000000]
