image_width: 324
image_height: 324
camera_name: cf25
camera_matrix:
  rows: 3
  cols: 3
  data: [179.711661, 0.000000, 159.809183, 0.000000, 180.739763, 160.362187, 0.000000, 0.000000, 1.000000]
distortion_model: plumb_bob
distortion_coefficients:
  rows: 1
  cols: 5
  data: [-0.082796, -0.000273, 0.000854, 0.001911, 0.000000]
rectification_matrix:
  rows: 3
  cols: 3
  data: [1.000000, 0.000000, 0.000000, 0.000000, 1.000000, 0.000000, 0.000000, 0.000000, 1.000000]
projection_matrix:
  rows: 3
  cols: 4
  data: [164.902054, 0.000000, 160.048352, 0.000000, 0.000000, 166.035385, 160.057129, 0.000000, 0.000000, 0.000000, 1.000000, 0.000000]
